receptor = 1AKV_receptor_fixed.pdbqt
ligand = 1AKV_ligand.pdbqt
scoring = vina

center_x = 53.214924831937935
center_y = 15.00304166149592
center_z = 22.20599287668652

size_x = 50
size_y = 50
size_z = 50
