receptor = 6YNQ_receptor_fixed.pdbqt
ligand = Updated_Mpro_data_0.pdbqt
scoring = vina

center_x = -5.858194403525418
center_y = 0.050557625087386426
center_z = -19.78543625162289

size_x = 50
size_y = 50
size_z = 50
