receptor = 1A69_receptor_fixed.pdbqt
ligand = 1A69_ligand.pdbqt
scoring = vina

center_x = 8.077390722106863
center_y = 82.69629255225951
center_z = 35.098500341126446

size_x = 50
size_y = 50
size_z = 50
