receptor = 1AKU_receptor_fixed.pdbqt
ligand = 1AKU_ligand.pdbqt
scoring = vina

center_x = -0.9161267542630408
center_y = 37.13816264869754
center_z = 22.96499466728112

size_x = 50
size_y = 50
size_z = 50
