receptor = 1AG9_receptor_fixed.pdbqt
ligand = 1AG9_ligand.pdbqt
scoring = vina

center_x = -17.236738267993687
center_y = 58.86166359937439
center_z = 17.281900978738243

size_x = 50
size_y = 50
size_z = 50
