receptor = Mpro-protein.pdbqt
ligand = mol_2024_07_09_1312183_000.pdbqt
scoring = vina

center_x = 9.736864952407554
center_y = -2.662409176854817
center_z = 24.798211034356804

size_x = 50
size_y = 50
size_z = 50
