receptor = 1A42_receptor_fixed.pdbqt
ligand = 1A42_ligand.pdbqt
scoring = vina

center_x = -4.2904138760585075
center_y = 4.315707844391738
center_z = 14.859957394461434

size_x = 50
size_y = 50
size_z = 50
